Ike          75     50     20     50     55     40     40     35
Titania      80     45     25     60     50     40     45     45
Boyd         75     60     5      50     45     25     25     35
Oscar        55     45     20     50     45     35     30     30
Rhys         40     5      60     50     40     25     55     50
Shinon       75     65     20     70     65     50     40     35
Gatrie       80     55     5      55     25     60     30     25
Soren        45     5      60     55     40     15     55     30
Mia          50     40     30     45     60     20     25     45
Ilyana       45     25     50     45     30     15     50     45
Rolf         60     40     20     45     50     30     25     40
Mist         50     35     50     25     40     15     40     60
Marcia       55     40     20     50     55     25     30     40
Lethe        130    50     5      65     70     40     25     50
Mordecai     150    65     0      55     50     40     20     40
Volke        65     50     5      55     65     20     10     35
Kieran       60     50     15     50     40     40     30     25
Nephenee     55     40     20     55     55     35     25     25
Brom         75     45     10     50     25     55     25     20
Zihark       55     45     15     50     60     30     20     40
Sothe        66	    61	   11	    77	   72	    38	   33	    61
Jill         60     40     30     45     45     35     30     25
Astrid       45     40     20     55     50     30     25     40
Makalov      60     55     5      45     50     45     20     25
Stefan       70     50     20     40     55     35     30     25
Tormod       50     20     45     40     45     25     45     35
Muarim       145    70     5      70     55     60     45     35
Devdan       75     60     30     40     35     45     45     40
Tanith       60     40     35     70     40     25     30     30
Reyson       65     5      40     50     50     15     50     60
Ulki         130    60     10     65     60     35     25     35
Janaff       130    55     10     70     65     30     25     40
Calill       50     25     45     45     45     40     35     30
Tauroneo     60     55     5      50     30     60     40     15
Ranulf       130    50     0      55     55     35     20     35
Haar         65     60     5      60     35     45     20     15
Bastian      55     40     65     65     55     35     50     30
Lucia        70     50     30     70     65     40     40     50
Geoffrey     65     50     25     55     55     45     45     20
Largo        80     70     5      45     45     25     20     30
Elincia      60     30     80     45     40     25     35     60
Ena          145    35     5      50     60     40     30     40
Nasir        150    50     10     55     45     60     25     35
Tibarn       145    70     5      70     65     60     25     50
Naesala      135    60     40     70     75     55     35     20
Giffca       160    75     5      70     60     50     30     40
