Astrid 20	6	2	6	7	5	4	3
Bastion 35	12	19	21	16	12	20	15
Boyd 30	7	0	4	6	5	0	4
Brom 28	10	1	9	7	13	2	4
Calill 32	8	19	18	18	8	17	16
Devdan 36	14	7	15	13	11	10	16
Elincia 27	9	12	16	18	11	15	15
Ena 52	20	9	17	15	23	21	14
Gatrie 31	12	0	6	5	14	0	5
Geoffery 43	18	9	17	19	21	9	12
Giffca 68	32	10	28	25	25	16	22
Haar 47	21	8	19	17	20	10	12
Ike 19	5	1	6	7	5	0	6
Ilyana 20	1	8	10	9	3	10	6
Janaff 39	13	5	15	17	11	10	16
Jill 24	11	0	10	9	11	2	6
Kieran 30	11	1	10	12	10	1	8
Largo 52	21	4	21	20	10	3	12
Lethe 34	12	4	10	12	9	7	15
Lucia 36	15	12	21	23	10	8	16
Makalov 30	9	2	7	10	10	2	8
Marcia 20	8	0	7	11	8	6	4
Mia 21	7	0	10	13	7	2	6
Mist 16	1	4	4	7	2	7	6
Mordecai 41	15	2	8	8	13	4	10
Muarim 45	16	4	13	15	12	5	11
Nasir 56	20	11	23	22	24	27	17
Neasala 57	25	15	26	31	21	16	19
Nephenee 22	8	2	10	11	9	3	6
Oscar 26	6	1	6	7	8	0	5
Ranulf 46	19	4	17	17	17	6	13
Reyson 22	1	10	11	14	2	20	15
Rhys 20	0	8	7	4	0	12	6
Rolf 18	5	0	8	6	6	2	4
Shinon 32	9	6	15	13	9	6	9
Soren 18	0	6	8	8	2	7	5
Sothe 20	5	1	7	11	4	0	5
Stefan 38	19	8	27	25	12	9	5
Tanith 32	16	10	18	24	15	13	18
Taureno 48	22	11	18	13	22	14	14
Tibarn 63	30	11	31	24	26	19	24
Titania 33	12	4	13	14	11	7	11
Tormod 20	2	10	9	9	4	9	8
Ulki 41	15	4	14	12	14	9	10
Volke 25	12	0	13	13	7	3	7
Zihark 25	10	1	13	15	7	0	6
